1.000000 1.495083 -0.576443 0.264729 -1.141900 1.894608 0.788557 1.016167 -0.664564 1.176602 0.204795 0.421987 1.872300 1.033091 
1.000000 0.245643 -0.513079 -0.798770 -2.501443 -0.007485 0.550322 0.715730 -0.829289 -0.560302 -0.323640 0.466145 1.132661 0.985144 
1.000000 0.197121 0.011937 1.144865 -0.214939 0.062963 0.788557 1.196430 -0.499839 2.070850 0.221571 0.377829 0.805513 1.416664 
1.000000 1.664910 -0.359195 0.521435 -0.771116 0.908337 2.456200 1.446794 -0.994015 0.987434 1.110684 -0.372861 1.203780 2.359615 
1.000000 0.294164 0.220133 1.878312 0.526630 1.260577 0.788557 0.645628 0.241426 0.368340 -0.348804 0.421987 0.464141 -0.021736 
1.000000 1.458692 -0.531183 0.338073 -1.265495 0.837889 1.535026 1.346648 -0.170388 0.626296 0.670321 0.466145 0.350351 2.263722 
1.000000 1.689171 -0.431611 0.338073 -1.450887 -0.289277 0.312088 0.475380 -0.499839 0.643493 0.041232 0.333670 1.388690 1.752291 
1.000000 1.288865 -0.178155 0.924831 -0.523926 1.471920 0.470911 0.465365 -0.417476 -0.611893 -0.042647 0.510303 1.388690 1.768273 
1.000000 2.222913 -0.639807 -0.688753 -1.636279 -0.218829 0.788557 0.936050 -0.582201 0.643493 0.020262 0.598620 0.350351 0.969162 
1.000000 1.046255 -0.902315 -0.322029 -1.018305 -0.148381 1.074439 1.106298 -1.158740 0.419931 0.867436 0.289512 1.346018 0.969162 
1.000000 2.125869 -0.558339 0.118039 -2.439646 -0.641516 1.265027 1.647086 0.570876 2.070850 0.104141 1.349309 0.179665 1.304789 
1.000000 1.677041 -0.431611 0.081367 -2.254253 0.133411 1.582673 1.597013 -0.582201 2.328806 0.984866 1.128518 0.563708 2.573777 
1.000000 0.767254 -0.485923 1.254882 -0.647521 0.837889 0.867969 0.865948 -0.499839 -0.250755 0.900987 1.481784 0.393022 1.816220 
1.000000 1.579997 -0.386351 1.328227 0.217643 1.401472 0.788557 1.096284 -0.252751 0.626296 0.439655 0.554462 0.065874 1.720326 
1.000000 1.009864 -0.703171 0.961503 0.217643 1.049233 1.026792 1.356663 0.323788 0.196369 0.607412 0.819411 -0.047917 1.240860 
1.000000 1.446561 -0.685067 0.448090 -0.863812 0.556098 1.582673 1.887436 -0.335113 0.437128 1.488138 1.260993 0.307679 2.998904 
1.000000 0.779384 0.681785 0.741469 -1.265495 1.119681 0.629734 0.986123 -1.570554 0.093187 -0.021677 0.068721 1.075766 0.329873 
1.000000 1.288865 -0.648859 -0.285357 -1.018305 1.824160 1.106203 1.126328 -0.994015 0.849858 0.208989 0.642778 1.573600 0.122104 
1.000000 -0.081881 1.315425 1.071520 -0.214939 0.133411 0.169147 0.365219 -0.911652 0.643493 -0.273313 0.377829 1.303347 0.090140 
1.000000 0.864298 -0.440663 0.008022 -0.832913 0.062963 0.486793 0.835905 -0.746927 0.144778 -0.566888 0.731094 1.986091 0.937198 
1.000000 0.476122 -0.522131 0.961503 -0.987407 -0.500620 0.867969 0.895992 -0.170388 -0.267952 -0.147495 -0.107912 0.876632 1.448629 
1.000000 0.366947 -0.567391 -0.798770 -0.709318 -0.430172 0.153264 0.144898 -0.746927 -0.439923 -0.503979 0.333670 0.236560 1.736309 
1.000000 1.058386 -0.404455 1.621606 0.032251 0.485650 1.026792 0.926036 0.076700 0.265157 -0.273313 1.349309 1.132661 0.553624 
1.000000 1.240343 -0.603599 -0.542063 -1.018305 -0.289277 0.550322 0.285103 -0.829289 0.643493 -0.189435 0.421987 1.402914 0.937198 
1.000000 0.888559 -0.766535 1.254882 0.990110 0.062963 1.106203 1.206444 -0.582201 1.331376 0.229958 1.084360 0.151217 1.736309 
1.000000 0.706601 -0.621703 0.008022 -0.060446 0.415202 0.883851 1.146357 -1.158740 0.591902 0.733230 0.642778 0.393022 2.471491 
1.000000 0.827906 -0.467819 0.008022 -0.647521 0.274306 0.185029 0.645628 0.488514 0.626296 -0.550113 1.260993 0.378798 0.793358 
1.000000 0.924950 -0.739379 1.254882 0.063149 2.246847 1.026792 0.695701 1.147415 -0.439923 0.104141 1.349309 0.563708 1.576486 
1.000000 0.621688 -0.494975 1.071520 -0.091344 0.696994 0.073853 0.485394 -0.582201 -0.113178 -0.399131 0.686936 0.378798 1.128984 
1.000000 0.585296 -0.485923 0.191384 0.372136 -0.007485 0.629734 0.936050 -0.829289 0.437128 -0.021677 0.421987 1.232228 0.569606 
1.000000 0.342686 -0.639807 1.768295 -1.172799 0.696994 0.470911 0.635613 -0.170388 -0.422726 -0.231374 0.642778 0.250784 0.441749 
1.000000 0.063685 -0.630755 0.704797 -0.400331 -0.148381 0.232676 0.385248 -0.582201 -0.285149 -0.378161 0.775253 -0.133259 1.160949 
1.000000 0.087946 -0.766535 -0.945459 -1.172799 -0.148381 0.153264 0.595555 -0.664564 -0.405528 -0.608828 1.040202 0.122769 0.889251 
1.000000 1.482953 1.487413 0.558107 -1.883469 1.965055 1.106203 0.996138 -1.323466 0.815464 -0.021677 -0.240386 1.317571 0.058175 
1.000000 0.682340 -0.576443 -0.175340 -0.956508 1.190129 1.344438 1.246503 -0.170388 1.262588 0.410297 0.024563 1.104213 0.170051 
1.000000 0.500383 1.351633 -0.872114 -0.153142 -0.711964 0.232676 0.635613 -0.746927 -0.216361 -0.365580 -0.152070 0.563708 0.937198 
1.000000 1.070516 -0.413507 0.851486 -1.327292 0.062963 1.503261 1.516896 -1.570554 0.161975 0.116722 -0.284544 1.360242 1.128984 
1.000000 0.294164 1.478361 -0.248684 -0.554825 0.203859 0.534440 0.585540 -0.335113 0.093187 -0.332028 -0.549494 0.563708 -0.197540 
1.000000 0.063685 -0.522131 -0.945459 -0.709318 0.485650 1.106203 0.956080 -0.664564 0.729478 -0.046841 -0.284544 1.061542 0.457731 
1.000000 1.470822 1.532673 0.301401 -0.122243 0.767442 0.867969 0.605569 -0.499839 -0.611893 0.037038 -0.328703 1.033094 1.081038 
1.000000 1.677041 1.125333 -0.285357 -1.018305 0.133411 1.503261 1.126328 -0.746927 1.004632 -0.105556 0.421987 1.189556 1.033091 
1.000000 1.094777 -0.603599 -0.872114 -1.018305 0.062963 1.265027 1.346648 -1.241103 0.918646 0.397716 -0.152070 1.033094 0.777375 
1.000000 1.337387 -0.295831 0.154712 -0.153142 0.203859 0.709145 0.875963 -0.335113 1.331376 0.439655 0.554462 0.208112 1.017109 
1.000000 1.143299 -0.558339 -0.322029 -0.585724 0.556098 0.915616 1.496867 -0.335113 0.815464 1.572016 0.775253 0.705946 1.656398 
1.000000 0.063685 -0.558339 -1.165493 -2.130659 -0.571068 0.661499 1.226473 -1.570554 2.242821 0.859048 0.775253 0.435694 1.304789 
1.000000 1.009864 -0.630755 0.888159 -0.647521 -0.430172 0.232676 0.946065 -1.158740 1.176602 0.188019 1.305151 1.089990 1.672380 
1.000000 0.997733 -0.540235 0.228056 -1.636279 0.767442 2.503847 1.697159 -0.335113 0.454325 0.796139 0.289512 0.933527 1.432646 
1.000000 0.937081 -0.404455 1.181537 -0.678420 1.049233 1.106203 0.745773 0.241426 0.127581 0.481594 0.819411 0.464141 2.023989 
1.000000 0.900689 -0.612651 -0.395374 -0.894711 1.260577 0.470911 0.855934 -1.241103 0.024398 0.292867 -0.107912 0.848185 1.017109 
1.000000 0.682340 -0.558339 0.374746 0.372136 1.119681 1.042674 0.735759 -1.323466 1.451755 0.460625 0.157038 0.606379 1.208895 
1.000000 1.482953 -0.585495 -0.212012 -0.925609 1.260577 1.423850 0.956080 -0.829289 0.729478 0.515146 -0.019595 1.004647 0.729429 
1.000000 0.354817 -0.341091 1.181537 -0.771116 0.133411 1.106203 1.186415 -0.417476 0.093187 0.355776 0.554462 0.336127 1.688362 
1.000000 0.876428 -0.829899 0.521435 -0.802014 0.556098 1.741496 1.627057 -1.405828 0.746675 0.691291 -0.240386 0.378798 1.736309 
2.000000 -0.761189 -1.273447 -3.659213 -2.686835 -0.852860 -0.513793 -1.477464 -0.664564 -2.039251 -1.342766 0.466145 -1.114703 -0.708971 
2.000000 -0.809711 -1.128615 -0.285357 -1.018305 0.062963 -0.402617 -0.956706 2.218131 -2.056448 -0.789167 1.349309 -1.328061 -0.197540 
2.000000 -0.433665 -0.893263 -1.238838 -0.771116 -0.007485 -0.450264 -0.636239 1.394504 -1.695309 0.250928 0.157038 -1.441851 -0.932723 
2.000000 0.815776 -0.992835 -1.605562 -0.400331 -0.430172 -0.323205 -0.255685 -0.335113 -1.506141 -0.566888 1.260993 -0.204379 -0.357362 
2.000000 -0.761189 -1.101459 -0.725425 -0.091344 -0.923307 1.900319 1.056225 -1.405828 0.454325 -0.294283 1.216835 0.378798 -1.028616 
2.000000 -1.003798 -0.811795 0.631452 -0.091344 0.274306 -0.656734 -0.295743 0.735602 -0.990229 -0.923372 2.232473 -0.531527 -1.236385 
2.000000 -0.761189 -1.029043 0.741469 -0.369433 -0.148381 0.185029 0.605569 0.076700 0.815464 -0.231374 1.084360 -0.431960 -0.203933 
2.000000 0.136468 -1.210083 -2.412353 -1.327292 -1.557338 1.074439 1.136342 -0.829289 1.159405 0.062201 0.775253 0.819737 -0.766507 
2.000000 -0.761189 -1.065251 -1.605562 0.094048 -1.557338 -0.307323 -0.045379 -0.746927 -0.973032 -0.197822 0.775253 1.246452 -0.740936 
2.000000 0.415469 -1.273447 0.008022 -0.709318 0.696994 0.359734 -0.746399 1.559229 -2.039251 -0.831106 0.333670 -0.958241 0.026211 
2.000000 -0.955276 -1.047147 -2.228992 -0.771116 3.585357 -0.720263 -0.766429 -1.817642 1.537741 -0.965312 1.481784 0.663275 -0.076075 
2.000000 -1.258539 -1.137667 -0.212012 0.526630 0.062963 1.709731 0.094826 -1.900005 0.075990 -0.814330 0.201196 0.748618 0.460927 
2.000000 -1.622454 -0.422559 -1.605562 -1.018305 -0.218829 -1.101439 -0.476006 -0.170388 -0.783864 -0.566888 1.260993 -0.659541 -1.003044 
2.000000 0.039424 -1.309655 -2.375681 -1.018305 -0.993755 -0.561440 -0.015335 -0.994015 -0.250755 -0.231374 1.084360 -0.175931 -1.118116 
2.000000 -1.404105 0.491693 -0.468719 -0.400331 0.837889 -0.926733 -0.726370 0.570876 -1.127806 -1.049190 0.068721 -0.119036 -0.772900 
2.000000 -0.809711 -1.228187 -1.495545 -1.389090 2.528638 -0.640852 -0.195597 -0.088025 1.984865 -0.734646 0.510303 -0.417736 0.026211 
2.000000 -0.360882 1.378789 0.154712 1.144604 0.062963 0.836204 0.505423 0.570876 0.591902 -1.082742 1.084360 0.748618 -0.891169 
2.000000 0.063685 1.369737 -0.138667 0.990110 -1.064203 -1.037909 -0.455976 2.053405 0.024398 -0.147495 -0.461177 -0.844451 -0.724954 
2.000000 -1.404105 -1.318707 0.814814 -0.400331 -0.430172 -0.164382 0.164928 -1.158740 1.279785 -0.881433 -0.681968 0.677499 -0.708971 
2.000000 -0.397274 -1.237239 -0.432046 -0.400331 -0.077933 -0.164382 -0.105466 -0.499839 -0.250755 -1.061772 1.260993 0.791289 -0.932723 
2.000000 -1.015929 -0.666963 -0.175340 1.082806 -0.711964 -0.831439 -0.355831 0.570876 -0.078784 -1.133069 1.702575 -0.488855 -0.788883 
2.000000 -1.634584 -0.612651 0.961503 2.071565 -0.852860 -0.609087 -0.435947 0.323788 -0.457120 -1.070160 1.835050 0.862408 -0.574721 
2.000000 -1.646715 -0.259623 0.374746 0.712022 -1.134651 -0.561440 -0.355831 0.982690 -0.439923 -0.986281 0.245354 0.208112 -0.197540 
2.000000 -1.112973 -0.920419 -0.212012 1.329996 -2.120921 -0.164382 -0.455976 0.488514 -0.388331 -1.430838 0.554462 0.862408 -0.373345 
2.000000 -1.112973 -0.467819 -0.138667 -0.245838 -1.345995 -1.117321 -0.546108 1.312141 0.058792 -1.154039 0.598620 -0.474631 -0.836829 
2.000000 -1.210017 -0.757483 0.228056 0.835617 -0.993755 -1.355556 -0.796472 1.147415 0.041595 -0.650767 0.466145 0.065874 -0.932723 
2.000000 -0.373013 -0.739379 -0.358701 0.433934 -1.416443 -1.466732 -0.586166 1.806317 0.024398 -0.881433 0.068721 -0.773332 -0.788883 
2.000000 -0.858232 0.437381 -0.505391 -0.400331 -0.852860 0.232676 0.204986 -0.911652 0.660690 -1.258887 0.907727 0.990423 -1.444154 
2.000000 -1.670976 -0.322987 -0.285357 -0.400331 -0.148381 1.137968 0.215001 -1.570554 -0.439923 -0.797555 0.951885 0.506813 -1.268349 
2.000000 -0.639884 -0.748431 -0.578736 -0.091344 4.360283 0.312088 0.225015 -0.335113 2.879113 -1.070160 0.951885 0.037426 0.623946 
2.000000 -1.440496 -0.205311 1.401572 0.681123 2.387743 -1.117321 -1.056851 -1.817642 -0.078784 -1.112099 0.024563 -0.488855 -0.373345 
2.000000 -0.858232 -0.848003 -1.385527 -1.018305 -1.064203 0.391499 0.455351 -0.582201 0.282354 -0.944342 1.260993 0.193889 -1.003044 
2.000000 -0.761189 -1.155771 -0.945459 -0.245838 -0.852860 1.932084 1.707173 -0.994015 0.591902 -0.273313 0.421987 0.236560 -0.261469 
2.000000 -0.858232 0.745149 -0.542063 -0.400331 -0.852860 0.867969 0.946065 0.735602 2.070850 -1.195978 2.099999 0.321903 -1.073366 
2.000000 -1.112973 -0.241519 -2.412353 -0.554825 -0.218829 -0.116735 0.124869 -0.829289 -0.353937 -0.776585 1.437626 0.506813 -0.101647 
2.000000 -0.482187 -0.911367 -1.678906 -0.245838 -0.852860 -1.355556 -0.686312 -0.582201 -0.439923 -1.133069 0.421987 0.236560 -0.574721 
2.000000 -0.797580 0.093405 0.374746 0.526630 -0.148381 0.407381 0.064782 -0.170388 -0.508711 -0.986281 -0.637810 1.104213 -0.971080 
2.000000 -1.428366 -0.567391 -1.752251 0.063149 -0.993755 0.312088 -0.405904 0.076700 -0.319543 -1.296632 -0.019595 -0.232826 -1.044598 
2.000000 -0.591362 -0.558339 -1.385527 0.372136 -1.064203 -0.164382 -0.125495 -0.335113 -0.216361 -0.927566 0.421987 1.374466 -0.223112 
2.000000 -0.700536 0.183925 -0.322029 0.835617 -0.711964 -0.990262 -0.205612 2.465219 -0.319543 -1.028221 -0.372861 0.990423 -1.364243 
2.000000 -0.906754 -0.558339 -0.872114 -0.091344 -1.416443 -1.037909 -0.015335 0.076700 0.041595 -0.734646 0.245354 0.805513 -0.740936 
2.000000 -0.336621 -0.540235 -0.285357 0.990110 -1.134651 -1.466732 -0.285729 0.982690 0.041595 -0.776585 -0.284544 -0.261274 -0.811258 
2.000000 -0.943146 -0.956627 -1.532217 -0.091344 -0.571068 0.089735 -0.005320 0.241426 0.815464 -1.028221 -0.372861 0.592156 -1.373832 
2.000000 -1.683106 -0.902315 1.254882 0.217643 -0.430172 0.693263 0.875963 -0.582201 1.520544 -1.049190 0.068721 0.933527 -0.197540 
2.000000 -1.865064 1.261113 -1.972285 0.063149 0.485650 1.392085 0.535467 -0.994015 3.395025 -0.944342 -0.858601 0.293455 -0.574721 
2.000000 -0.579231 0.075301 -0.688753 0.526630 -0.852860 0.391499 0.225015 -0.829289 -0.663485 -1.321796 -0.196228 0.250784 -1.332278 
2.000000 -1.501149 0.301601 2.061674 0.217643 0.203859 -0.879086 -0.015335 1.971042 -0.955835 -0.566888 1.260993 -0.147483 -0.430881 
2.000000 -1.925716 -1.454487 0.521435 0.526630 -0.852860 0.280323 -0.035364 0.488514 -0.285149 -0.868851 0.686936 -0.417736 -0.983866 
2.000000 -1.112973 -0.866107 0.521435 0.990110 -1.134651 0.407381 0.245044 0.570876 -0.973032 -0.944342 -0.063753 0.833961 -1.140491 
2.000000 -2.386675 -0.757483 -0.578736 0.681123 -1.064203 0.248558 0.124869 1.312141 0.695084 -1.363735 3.380587 0.378798 -1.070170 
2.000000 -1.428366 -0.793691 -1.348855 0.464832 -0.993755 -0.513793 -0.445962 -0.499839 -0.130375 -1.342766 0.024563 1.033094 -0.788883 
2.000000 -0.700536 -0.666963 -0.615408 0.990110 0.556098 -0.482028 0.044753 -0.170388 0.007201 -1.296632 0.510303 0.506813 -1.268349 
2.000000 -0.275969 0.980501 -1.385527 -1.018305 -1.416443 -1.069674 -0.796472 0.570876 -1.334170 -0.734646 -1.079392 -0.687989 -1.182045 
2.000000 -1.210017 0.980501 -1.312183 -0.091344 -0.923307 -0.482028 -0.405904 0.076700 0.454325 -1.623759 -0.063753 0.634827 -0.568328 
2.000000 -1.877194 0.048145 0.228056 0.217643 -0.289277 0.947380 0.745773 -0.335113 0.385537 -0.797555 -0.637810 1.118437 -0.373345 
2.000000 -1.743759 -0.268675 3.198517 2.844032 1.331025 1.392085 3.039113 0.900327 0.454325 0.355776 -0.063753 1.545152 -0.884776 
2.000000 -0.700536 1.885702 1.364899 2.226058 0.133411 -0.164382 0.084811 0.570876 0.179172 -1.288244 -0.107912 0.734394 -1.204420 
2.000000 0.063685 3.125826 -0.835442 0.681123 -0.993755 0.502675 0.605569 -0.499839 0.695084 -1.070160 -0.946918 0.705946 -1.156474 
2.000000 -1.367713 1.777078 0.118039 0.526630 -1.275547 0.883851 0.986123 -1.241103 2.242821 -0.986281 -0.858601 1.474033 -1.156474 
2.000000 -1.125103 -0.169103 -0.688753 0.526630 -1.064203 0.470911 0.605569 0.076700 -0.439923 -1.003057 -0.372861 0.961975 -1.162867 
2.000000 -0.688406 -0.739379 -0.248684 0.681123 -0.993755 0.693263 1.106298 0.241426 0.282354 -0.508173 -1.123550 0.336127 -1.245974 
2.000000 -1.464757 -0.196259 1.548261 2.844032 -0.571068 -0.275558 0.194971 1.806317 0.265157 -0.902403 0.112879 -0.232826 -0.881579 
2.000000 -0.761189 -0.648859 -0.212012 1.608084 -0.852860 -0.132617 0.405278 0.323788 0.505916 -1.271469 -0.240386 0.250784 -1.277939 
2.000000 -1.161495 1.768026 0.081367 0.835617 -1.416443 -0.323205 -0.295743 0.488514 -0.439923 -1.070160 -0.681968 -0.047917 -0.517185 
3.000000 -0.166794 -0.902315 -0.138667 -0.400331 1.542368 -1.260262 -0.796472 -1.241103 -1.145003 -0.441070 -0.814443 -1.868566 -0.357362 
3.000000 -0.142533 0.582213 0.154712 0.217643 0.274306 -1.593791 -0.826516 -0.994015 -1.334170 0.104141 -0.902759 -1.683657 -0.677007 
3.000000 -0.227447 -0.033323 0.154712 1.453591 -0.148381 -1.832025 -0.956706 -0.746927 -1.334170 0.229958 -1.256025 -1.768999 -0.581114 
3.000000 -0.360882 1.089125 0.008022 0.681123 0.415202 -0.958498 -0.846545 -1.570554 -1.316973 -0.063617 -0.726127 -1.868566 -0.453256 
3.000000 -0.591362 -1.001887 -0.395374 -0.554825 -1.064203 -0.482028 -1.467449 1.971042 -0.611893 0.125110 -0.858601 -1.555642 -0.293434 
3.000000 -0.081881 0.419277 1.254882 0.526630 -0.289277 -1.212615 -1.547566 1.394504 -1.471747 -0.231374 -0.770285 -0.417736 -0.453256 
3.000000 0.439730 0.192977 -0.028650 0.217643 -0.782412 -1.434967 -1.547566 0.076700 -1.660915 0.188019 -1.079392 -0.190155 0.122104 
3.000000 0.633818 0.745149 1.328227 1.299097 -0.218829 -1.196733 -1.527537 1.147415 -1.815689 -0.336222 -0.240386 -0.773332 -0.708971 
3.000000 0.755123 2.356406 -0.028650 0.217643 -0.571068 -0.482028 -1.247128 0.900327 -1.007426 -0.315253 -0.152070 -0.787555 -0.613078 
3.000000 -0.906754 1.387841 -0.578736 -0.245838 0.837889 -1.466732 -1.267158 -0.582201 -0.801061 1.282635 -1.300183 -0.858675 0.361838 
3.000000 0.197121 1.107229 -0.762097 0.526630 0.133411 -1.276144 -1.497493 0.570876 -0.525908 -0.483010 -1.520974 -1.313837 0.281926 
3.000000 1.070516 2.437874 -0.468719 0.217643 -1.416443 -2.102025 -1.707799 0.323788 -1.592127 -0.105556 -1.609291 -1.811671 -1.044598 
3.000000 -0.154664 2.048638 0.448090 0.681123 -0.993755 -0.958498 -1.397347 0.900327 -1.282579 1.047775 -1.785924 -1.057808 -0.373345 
3.000000 0.391208 0.808513 0.081367 0.681123 -0.571068 -0.593205 -1.287187 0.735602 -0.611893 1.370708 -1.741765 -1.399180 -0.293434 
3.000000 0.100077 1.405945 0.008022 0.681123 0.908337 -1.419085 -0.656268 -0.170388 -0.801061 1.781713 -1.653449 -1.811671 -0.613078 
3.000000 0.609557 0.699889 0.961503 1.453591 1.612816 -1.434967 -0.476006 -1.158740 -0.611893 1.446198 -1.565133 -1.854342 -0.772900 
3.000000 -0.251708 0.292549 0.448090 0.835617 0.837889 -1.307909 -0.686312 -0.994015 -0.594696 2.368863 -2.050873 -1.612537 -0.836829 
3.000000 0.136468 -0.404455 1.438244 1.917071 1.119681 -0.164382 -0.766429 -0.829289 -0.078784 0.817109 -1.476816 -1.811671 -1.012634 
3.000000 0.282034 0.862825 -0.285357 -0.245838 -0.148381 -0.799675 -1.217085 2.053405 0.454325 2.251433 -1.697607 -1.555642 -0.213522 
3.000000 -0.506448 -0.956627 -0.945459 0.217643 0.203859 -1.307909 -1.467449 1.394504 -0.353937 1.026805 -1.609291 -1.498747 -0.325398 
3.000000 0.209251 2.573654 -0.138667 0.835617 -0.500620 -0.894969 -1.417376 2.053405 -0.095981 1.152623 -1.520974 -1.598314 -0.053700 
3.000000 1.021994 1.605089 0.081367 0.063149 -0.782412 -0.799675 -1.217085 0.982690 -0.078784 1.618150 -1.653449 -1.370732 -0.836829 
3.000000 -0.664145 0.618421 1.034848 2.380552 -0.218829 -0.640852 -1.467449 2.218131 -0.801061 0.984866 -1.211867 -1.242718 0.441749 
3.000000 1.628519 -0.603599 1.254882 1.762578 -0.148381 0.788557 -0.736385 1.394504 1.881682 3.291528 -1.653449 -0.915570 -0.261469 
3.000000 0.585296 -0.612651 1.034848 0.990110 -0.782412 0.470911 -0.946691 1.312141 1.176602 2.767287 -1.653449 -1.171599 -0.389327 
3.000000 -0.773319 1.342581 0.081367 0.526630 -0.852860 -0.005559 -1.126953 1.147415 -0.973032 1.047775 -1.697607 -1.456075 -0.708971 
3.000000 0.840037 0.826617 0.668124 0.217643 0.485650 -0.752028 -1.487478 1.147415 -1.385762 0.305449 0.068721 -1.114703 -0.197540 
3.000000 -0.178925 0.835669 0.814814 0.835617 0.415202 -1.037909 -1.447420 1.971042 -1.110609 0.179631 -0.328703 -0.702213 -0.549149 
3.000000 -0.045489 0.998605 -0.028650 -0.245838 0.415202 -1.450850 -1.347274 0.323788 -1.145003 0.053813 -1.167709 -1.214270 -0.213522 
3.000000 0.949211 0.374017 -0.212012 0.835617 -0.711964 -1.514379 -1.367303 0.406151 -0.990229 1.857204 -1.079392 -1.313837 -0.405309 
3.000000 0.888559 1.822338 -0.358701 0.990110 -0.852860 -1.625555 -1.577610 1.312141 -0.783864 0.615800 -0.726127 -1.214270 -0.708971 
3.000000 0.548905 1.224905 0.888159 1.144604 0.767442 -0.958498 -1.126953 0.570876 -0.250755 2.318536 -0.417019 -1.484523 -0.149594 
3.000000 -0.215316 0.926189 -0.212012 0.063149 -0.852860 -1.307909 -1.387333 0.323788 -1.093411 2.142391 -0.991076 -1.214270 -0.181558 
3.000000 0.706601 0.211081 1.218210 1.608084 0.344754 -1.196733 -1.207070 0.241426 -0.113178 1.471362 -0.902759 -1.143151 0.026211 
3.000000 0.488252 2.039586 1.841640 1.762578 0.837889 -0.513793 -1.086895 -0.746927 -0.852652 1.404259 -1.211867 -0.972465 -0.357362 
3.000000 -0.967407 0.618421 -0.138667 -0.091344 -0.289277 -1.673202 -1.557581 0.323788 -1.506141 0.146080 -1.256025 -1.100480 -0.740936 
3.000000 -0.275969 0.039093 -0.285357 0.063149 -0.993755 -1.450850 -1.537551 0.982690 -1.660915 1.991409 -1.653449 -1.384956 -0.868794 
3.000000 1.410170 0.147717 0.448090 0.217643 -0.641516 -0.990262 -1.347274 0.653239 -0.629090 1.907531 -1.432658 -1.271166 -0.261469 
3.000000 0.864298 2.990046 0.338073 0.372136 -0.359724 -0.990262 -1.437406 1.312141 -0.938638 1.068745 -1.344341 -1.228494 -0.005754 
3.000000 0.488252 1.414997 0.448090 1.144604 0.133411 -0.799675 -1.297201 0.570876 -0.336740 0.900987 -1.079392 -1.484523 0.026211 
3.000000 0.330556 1.749922 -0.358701 0.217643 1.401472 -1.133203 -1.357289 0.570876 -0.439923 2.117227 -1.565133 -1.484523 0.297909 
3.000000 0.209251 0.220133 0.044694 0.217643 1.401472 -1.037909 -1.367303 1.394504 -0.250755 1.739773 -1.520974 -1.399180 0.313891 
3.000000 1.373779 1.586985 1.401572 1.608084 -0.289277 -0.402617 -1.287187 1.641592 -0.439923 1.697834 -1.476816 -1.427628 -0.581114 
